=====================================================================================================================
================================================Listado de Fallecidos================================================
=====================================================================================================================
 Nro. Nom                  Cant. Hab. =================Cantidades de Fallecidos por mes=================     Cant.  Porcentaje
 Ord. Pais                              Enero  Febrero     Marzo     Abril      Mayo     Junio     Julio     Total
 1    Italia                 60360000 137037    137037    137037    137037    137037     91358     91358    867901     1.4
 2    Nigeria               195900000 133980         0         0         0         0         0         0    133980    0.068
 3    Egipto                 98400000      0         0         0         0         0    124935         0    124935    0.13
 4    Argentina              44490000      0         0         0         0    124890         0         0    124890    0.28
 5    Canada                 37000000      0         0    111570         0         0         0         0    111570     0.3
 6    Chile                  18700000 100965         0         0         0         0         0         0    100965    0.54
 7    Turkmenistan            5850000      0         0         0         0         0         0     84480     84480     1.4
 8    Marruecos              36000000      0         0     81315         0         0         0         0     81315    0.23
 9    Espana                 46900000      0     55920         0         0         0         0         0     55920    0.12
10    Jamaica                 2900000      0         0         0     51840         0         0         0     51840     1.8

Cantidad total de  Fallecidosa la fecha actual: 3475592
Porcentaje de  Fallecidos: %0.64
