Italia                1 14 24282  3432 37290 45679
Reino Unido           3 23 21200  2378 28320    41
Brasil                5 12 14533  8392 32938   125
Japon                 5 11 20000   231  2324   674
Estados Unidos        6  5 32900  7382 28272   784
Francia               7 24 17100  8372  8392   327
Holanda               3 16 14776  4390  7904   832
Mexico                6 13 22598  7392  3289   372
Espana                2 25 25400  7328  1893  3728
Rusia                 7 17 22700  5353   285   213
Nigeria               1 10 31987  3822   233  8932
Corea del Sur         4  4 13417  1278   329   673
Surinam               5  3   741    98    82   362
China                 1  1 25522  1213   633  1275
Egipto                6 22 21158  9326 13245  8329
Marruecos             3 18 15542  4378 12314  5421
Chile                 1 21 31200 12389 23146  6731
Argentina             5  2 37496  7382 24253  8326
Canada                3  8 10800  8493  5292  7438
Jamaica               4 15   758    85   342  3456
Turkmenistan          7  9  1013   142   234  5632
Australia             2 27  9797   211   624  1329
Islandia              6 26  1896  7348   532  1412
Estados Unidos        6  5 32900  7382 28272   784
Canada                3  8 10800  8493  5292  7438
Turkmenistan          7  9  1013   142   234  5632
Francia               7 24 17100  8372  8392   327
Mexico                6 13 22598  7392  3289   372
Argentina             5  2 37496  7382 24253  8326
Marruecos             3 18 15542  4378 12314  5421
Brasil                5 12 14533  8392 32938   125
Jamaica               4 15   758    85   342  3456
Rusia                 7 17 22700  5353   285   213
Chile                 1 21 31200 12389 23146  6731
Italia                1 14 24282  3432 37290 45679
China                 1  1 25522  1213   633  1275
Mexico                6 13 22598  7392  3289   372
Estados Unidos        6  5 32900  7382 28272   784
Islandia              6 26  1896  7348   532  1412
Australia             2 27  9797   211   624  1329
Francia               7 24 17100  8372  8392   327
Egipto                6 22 21158  9326 13245  8329
Canada                3  8 10800  8493  5292  7438
Holanda               3 16 14776  4390  7904   832
China                 1  1 25522  1213   633  1275
Jamaica               4 15   758    85   342  3456
Surinam               5  3   741    98    82   362
Espana                2 25 25400  7328  1893  3728
Holanda               3 16 14776  4390  7904   832
Chile                 1 21 31200 12389 23146  6731
Estados Unidos        6  5 32900  7382 28272   784
Francia               7 24 17100  8372  8392   327
Italia                1 14 24282  3432 37290 45679
Rusia                 7 17 22700  5353   285   213
Argentina             5  2 37496  7382 24253  8326
Espana                2 25 25400  7328  1893  3728
Italia                1 14 24282  3432 37290 45679
China                 1  1 25522  1213   633  1275
Corea del Sur         4  4 13417  1278   329   673
Egipto                6 22 21158  9326 13245  8329
Nigeria               1 10 31987  3822   233  8932
Islandia              6 26  1896  7348   532  1412
Australia             2 27  9797   211   624  1329
Mexico                6 13 22598  7392  3289   372
Argentina             5  2 37496  7382 24253  8326
Canada                3  8 10800  8493  5292  7438
Surinam               5  3   741    98    82   362
Rusia                 7 17 22700  5353   285   213
Italia                1 14 24282  3432 37290 45679
Estados Unidos        6  5 32900  7382 28272   784
Japon                 2 11 20000   231  2324   674
Turkmenistan          7  9  1013   142   234  5632
Reino Unido           3 23 21200  2378 28320    41
Australia             2 27  9797   211    24  1329
Marruecos             3 18 15542  4378 12314  5421
Brasil                5 12 14533  8392 32938   125
Jamaica               4 15   758    85   342  3456
Rusia                 7 17 22700  5353   285   213
Mexico                6 13 22598  7392  3289   372
Islandia              6 26  1896  7348   532  1412
Japon                 2 11 20000   231  2324   674
Argentina             5  2 37496  7382 24253  8326
Egipto                6 22 21158  9326 13245  8329
Turkmenistan          7  9  1013   142   234  5632
China                 1  1 25522  1213   633  1275
Australia             2 27  9797   211   624  1329
Holanda               3 16 14776  4390  7904   832
Chile                 1 21 31200 12389 23146  6731
Francia               7 24 17100  8372  8392   327
Brasil                5 12 14533  8392 32938   125
Nigeria               1 10 31987  3822   233  8932
Rusia                 7 17 22700  5353   285   213
Espana                2 25 25400  7328  1893  3728
Corea del Sur         4  4 13417  1278   329   673
Canada                3  8 10800  8493  5292  7438
Argentina             5  2 37496  7382 24253  8326
Marruecos             3 18 15542  4378 12314  5421
Islandia              6 26  1896  7348   532  1412
Chile                 1 21 31200 12389 23146  6731
Mexico                6 13 22598  7392  3289   372
Italia                1 14 24282  3432 37290 45679
Reino Unido           3 23 21200  2378 28320    41
Nigeria               1 10 31987  3822   233  8932
Surinam               5  3   741    98    82   362
Estados Unidos        6  5 32900  7382 28272   784
Holanda               3 16 14776  4390  7904   832
Reino Unido           3 23 21200  2378 28320    41
Turkmenistan          7  9  1013   142   234  5632
Jamaica               4 15   758    85   342  3456
Surinam               5  3   741    98    82   362
China                 1  1 25522  1213   633  1275
Marruecos             3 18 15542  4378 12314  5421
Rusia                 7 17 22700  5353   285   213
Brasil                5 12 14533  8392 32938   125
Espana                2 25 25400  7328  1893  3728
Australia             2 27  9797   211   624  1329
Canada                3  8 10800  8493  5292  7438
Corea del Sur         4  4 13417  1278   329   673
Egipto                6 22 21158  9326 13245  8329
Nigeria               1 10 31987  3822   233  8932
Surinam               5  3   741    98    82   362
Reino Unido           3 23 21200  2378 28320    41
Brasil                5 12 14533  8392 32938   125
Argentina             5  2 37496  7382 24253  8326
Chile                 1 21 31200 12389 23146  6731
Japon                 2 11 20000   231  2324   674
Corea del Sur         4  4 13417  1278   329   673
Japon                 2 11 20000   231  2324   674
Reino Unido           3 23 21200  2378 28320    41
Islandia              6 26  1896  7348   532  1412
Nigeria               1 10 31987  3822   233  8932
Estados Unidos        6  5 32900  7382 28272   784
Surinam               5  3   741    98    82   362
Marruecos             3 18 15542  4378 12314  5421
Turkmenistan          7  9  1013   142   234  5632
Mexico                6 13 22598  7392  3289   372
Italia                1 14 24282  3432 37290 45679
Brasil                5 12 14533  8392 32938   125
Holanda               3 16 14776  4390  7904   832
Australia             2 27  9797   211   624  1329
Espana                2 25 25400  7328  1893  3728
Egipto                6 22 21158  9326 13245  8329
China                 1  1 25522  1213   633  1275
Corea del Sur         4  4 13417  1278   329   673
Francia               7 24 17100  8372  8392   327
Jamaica               4 15   758    85   342  3456
Japon                 2 11 20000   231  2324   674
Chile                 1 21 31200 12389 23146  6731
Holanda               3 16 14776  4390  7904   832
Canada                3  8 10800  8493  5292  7438
Marruecos             3 18 15542  4378 12314  5421
Islandia              6 26  1896  7348   532  1412
Turkmenistan          7  9  1013   142   234  5632
Egipto                6 22 21158  9326 13245  8329
Espana                2 25 25400  7328  1893  3728
Reino Unido           3 23 21200  2378 28320    41
Corea del Sur         4  4 13417  1278   329   673
Nigeria               1 10 31987  3822   233  8932
Jamaica               4 15   758    85   342  3456
Japon                 2 11 20000   231  2324   674
Francia               7 24 17100  8372  8392   327